version https://git-lfs.github.com/spec/v1
oid sha256:2930d6edf785d7caf1ce84deb75d9fc0ae2a3af5962f6a9a5cb18b38f990ddd9
size 193
